,IE Generation,IE Demand,IE Wind Availability,IE Wind Generation,SNSP,Hydro Run-of-River,Fossil hard coal,Fossil oil,Fossil peat,Fossil gas,Hydro pumped storage,Wind onshore,Load,temp,wetb,dewpt,vappr,rhum,msl,wdsp,wddir,ElectricityPrice
IE Generation,1,0.799669469,0.487256218,0.526405739,0.256777474,0.477684182,0.147168051,-0.062118519,0.157689186,0.133729476,0.450335992,0.55493427,0.776459236,-0.095465011,-0.131828374,-0.167784606,-0.167850449,-0.19490629,-0.188203804,0.360829206,-0.027182575,0.225177576
IE Demand,0.799669469,1,0.123144613,0.164714808,0.032324546,0.455926064,0.289753589,0.174876901,0.191257663,0.268789221,0.583134748,0.176672617,0.982738715,-0.04464124,-0.098130656,-0.158265363,-0.158335479,-0.272503275,-0.062332419,0.200596794,-0.005533512,0.392547251
IE Wind Availability,0.487256218,0.123144613,1,0.992719525,0.911085077,0.272273523,-0.188048538,-0.547475999,-0.038776211,-0.515536947,0.009075789,0.988015281,0.123957741,-0.09459367,-0.11724173,-0.134687253,-0.134768722,-0.145805207,-0.411051121,0.636702867,-0.056161661,-0.1638126
IE Wind Generation,0.526405739,0.164714808,0.992719525,1,0.903488764,0.288290729,-0.175649015,-0.537352624,-0.021569418,-0.495257125,0.034423035,0.995826155,0.168748115,-0.104262553,-0.127665226,-0.145511951,-0.145593902,-0.146724937,-0.404388356,0.630055309,-0.056255993,-0.137675221
SNSP,0.256777474,0.032324546,0.911085077,0.903488764,1,0.228297534,-0.249176072,-0.564876092,-0.038104413,-0.623650101,-0.046529282,0.899964323,0.041134326,-0.069144849,-0.101714393,-0.132030765,-0.132080667,-0.190712728,-0.383718557,0.621877738,-0.049403588,-0.216344144
Hydro Run-of-River,0.477684182,0.455926064,0.272273523,0.288290729,0.228297534,1,-0.040911611,0.014803248,0.345178163,-0.010272961,0.239505757,0.289058211,0.475606082,-0.375921608,-0.384384841,-0.36513909,-0.365124902,0.000142407,-0.199487177,0.208077229,0.049249699,-0.018805939
Fossil hard coal,0.147168051,0.289753589,-0.188048538,-0.175649015,-0.249176072,-0.040911611,1,0.21617278,-0.299027811,0.005280443,0.066805069,-0.174761709,0.289856668,-0.031858717,-0.018489505,-0.000758931,-0.000797226,0.088672344,0.108697306,-0.147019181,0.017633811,0.651136552
Fossil oil,-0.062118519,0.174876901,-0.547475999,-0.537352624,-0.564876092,0.014803248,0.21617278,1,0.007516255,0.168661578,0.20579681,-0.537404102,0.199447418,0.030375748,0.030582482,0.026373788,0.026306543,0.028217122,0.250162756,-0.347737288,0.003451912,0.175550413
Fossil peat,0.157689186,0.191257663,-0.038776211,-0.021569418,-0.038104413,0.345178163,-0.299027811,0.007516255,1,0.183002624,0.136503728,-0.021415175,0.204719021,-0.317016537,-0.327371707,-0.315041405,-0.31494824,0.027050061,-0.000674772,-0.027000106,0.048109962,-0.179346671
Fossil gas,0.133729476,0.268789221,-0.515536947,-0.495257125,-0.623650101,-0.010272961,0.005280443,0.168661578,0.183002624,1,0.192206077,-0.495342946,0.278203049,0.02644578,0.026323225,0.025015175,0.024953782,0.026048827,0.22066669,-0.295805343,0.037775921,0.094219541
Hydro pumped storage,0.450335992,0.583134748,0.009075789,0.034423035,-0.046529282,0.239505757,0.066805069,0.20579681,0.136503728,0.192206077,1,0.034199656,0.620997935,0.125208217,0.084414161,0.027613339,0.027648502,-0.240038744,-0.012344003,0.111318925,-0.040137229,0.151810187
Wind onshore,0.55493427,0.176672617,0.988015281,0.995826155,0.899964323,0.289058211,-0.174761709,-0.537404102,-0.021415175,-0.495342946,0.034199656,1,0.173723726,-0.08564985,-0.111108396,-0.133861796,-0.1339093,-0.165437705,-0.390568762,0.633469962,-0.051745384,-0.127652657
Load,0.776459236,0.982738715,0.123957741,0.168748115,0.041134326,0.475606082,0.289856668,0.199447418,0.204719021,0.278203049,0.620997935,0.173723726,1,-0.063419403,-0.110592445,-0.16109303,-0.161169992,-0.25693052,-0.046502186,0.205945951,-0.002599565,0.435754962
temp,-0.095465011,-0.04464124,-0.09459367,-0.104262553,-0.069144849,-0.375921608,-0.031858717,0.030375748,-0.317016537,0.02644578,0.125208217,-0.08564985,-0.063419403,1,0.977503198,0.883253352,0.883208906,-0.342500302,0.026930288,0.020228649,-0.172806831,0.03744246
wetb,-0.131828374,-0.098130656,-0.11724173,-0.127665226,-0.101714393,-0.384384841,-0.018489505,0.030582482,-0.327371707,0.026323225,0.084414161,-0.111108396,-0.110592445,0.977503198,1,0.961223697,0.961223219,-0.158223104,-0.001626796,-0.027786776,-0.171367552,0.03439341
dewpt,-0.167784606,-0.158265363,-0.134687253,-0.145511951,-0.132030765,-0.36513909,-0.000758931,0.026373788,-0.315041405,0.025015175,0.027613339,-0.133861796,-0.16109303,0.883253352,0.961223697,1,0.999845277,0.083914081,-0.038626182,-0.084541767,-0.156737215,0.028598694
vappr,-0.167850449,-0.158335479,-0.134768722,-0.145593902,-0.132080667,-0.365124902,-0.000797226,0.026306543,-0.31494824,0.024953782,0.027648502,-0.1339093,-0.161169992,0.883208906,0.961223219,0.999845277,1,0.084280647,-0.038435394,-0.084604104,-0.156887479,0.028560083
rhum,-0.19490629,-0.272503275,-0.145805207,-0.146724937,-0.190712728,0.000142407,0.088672344,0.028217122,0.027050061,0.026048827,-0.240038744,-0.165437705,-0.25693052,-0.342500302,-0.158223104,0.083914081,0.084280647,1,-0.106260514,-0.279269422,0.077208196,-0.032769301
msl,-0.188203804,-0.062332419,-0.411051121,-0.404388356,-0.383718557,-0.199487177,0.108697306,0.250162756,-0.000674772,0.22066669,-0.012344003,-0.390568762,-0.046502186,0.026930288,-0.001626796,-0.038626182,-0.038435394,-0.106260514,1,-0.322579235,-0.028841453,0.125152778
wdsp,0.360829206,0.200596794,0.636702867,0.630055309,0.621877738,0.208077229,-0.147019181,-0.347737288,-0.027000106,-0.295805343,0.111318925,0.633469962,0.205945951,0.020228649,-0.027786776,-0.084541767,-0.084604104,-0.279269422,-0.322579235,1,0.11226186,-0.122040088
wddir,-0.027182575,-0.005533512,-0.056161661,-0.056255993,-0.049403588,0.049249699,0.017633811,0.003451912,0.048109962,0.037775921,-0.040137229,-0.051745384,-0.002599565,-0.172806831,-0.171367552,-0.156737215,-0.156887479,0.077208196,-0.028841453,0.11226186,1,0.018566009
ElectricityPrice,0.225177576,0.392547251,-0.1638126,-0.137675221,-0.216344144,-0.018805939,0.651136552,0.175550413,-0.179346671,0.094219541,0.151810187,-0.127652657,0.435754962,0.03744246,0.03439341,0.028598694,0.028560083,-0.032769301,0.125152778,-0.122040088,0.018566009,1
